r energy tally total fraction
100 14.1 2.54722E-04 0.0466 1.66485E-03 0.0222 3.34779E-09 0.0537 1.93122E-08 0.0291
10 14.1 4.88178E-02 0.0035 9.12285E-01 0.0002 6.58180E-05 0.0048 8.67414E-04 0.0006
110 14.1 1.15037E-04 0.0713 6.68627E-04 0.0349 1.41702E-09 0.1139 6.41963E-09 0.0433
120 14.1 4.32802E-05 0.1112 2.69187E-04 0.0541 3.73751E-10 0.1203 2.17011E-09 0.0621
130 14.1 1.43055E-05 0.2161 1.16031E-04 0.0847 9.56639E-11 0.2153 7.84329E-10 0.0969
15 14.1 6.60553E-02 0.0029 7.72698E-01 0.0005 3.98094E-05 0.0040 3.43908E-04 0.0008
20 14.1 6.34789E-02 0.0029 6.12366E-01 0.0007 2.15778E-05 0.0040 1.58084E-04 0.0011
30 14.1 4.10619E-02 0.0036 3.43671E-01 0.0013 6.26583E-06 0.0050 4.08601E-05 0.0017
40 14.1 2.25972E-02 0.0049 1.77022E-01 0.0020 1.94332E-06 0.0068 1.20804E-05 0.0025
50 14.1 1.14818E-02 0.0070 8.67928E-02 0.0030 6.35637E-07 0.0096 3.85669E-06 0.0038
5 14.1 1.06679E-02 0.0085 9.83007E-01 0.0001 5.59811E-05 0.0110 3.43672E-03 0.0004
60 14.1 5.63936E-03 0.0100 4.10137E-02 0.0045 2.13704E-07 0.0134 1.27290E-06 0.0056
70 14.1 2.62249E-03 0.0147 1.88976E-02 0.0066 7.51013E-08 0.0208 4.38485E-07 0.0086
80 14.1 1.20828E-03 0.0215 8.53779E-03 0.0099 2.69738E-08 0.0317 1.55254E-07 0.0132
90 14.1 5.30207E-04 0.0328 3.78025E-03 0.0149 9.05095E-09 0.0442 5.23706E-08 0.0181
10 2.4 2.04770E-01 0.0015 7.17901E-01 0.0005 2.75545E-04 0.0022 8.43049E-04 0.0010
15 2.4 1.59855E-01 0.0016 3.80031E-01 0.0011 9.62127E-05 0.0024 2.09081E-04 0.0016
20 2.4 8.22373E-02 0.0023 1.65014E-01 0.0019 2.79211E-05 0.0033 5.23837E-05 0.0025
30 2.4 1.30315E-02 0.0061 2.24865E-02 0.0054 1.97563E-06 0.0082 3.22276E-06 0.0069
40 2.4 1.47022E-03 0.0180 2.40085E-03 0.0163 1.28179E-07 0.0247 1.98420E-07 0.0214
50 2.4 1.40101E-04 0.0570 2.31045E-04 0.0517 7.74090E-09 0.0771 1.21648E-08 0.0638
5 2.4 6.85556E-02 0.0033 9.75485E-01 0.0001 3.62735E-04 0.0044 4.00450E-03 0.0007
60 2.4 1.04266E-05 0.1941 1.54171E-05 0.1954 4.07957E-10 0.2247 5.72527E-10 0.2083
