ASTAR: Stopping Powers and Range Tables for Alpha Particles

WATER, LIQUID                                                           

Kinetic   CSDA      
Energy    Range     
MeV       g/cm2     

1.000E-03 3.273E-06 
1.500E-03 4.789E-06 
2.000E-03 6.294E-06 
2.500E-03 7.781E-06 
3.000E-03 9.247E-06 
4.000E-03 1.211E-05 
5.000E-03 1.489E-05 
6.000E-03 1.757E-05 
7.000E-03 2.016E-05 
8.000E-03 2.267E-05 
9.000E-03 2.510E-05 
1.000E-02 2.746E-05 
1.250E-02 3.307E-05 
1.500E-02 3.831E-05 
1.750E-02 4.325E-05 
2.000E-02 4.793E-05 
2.250E-02 5.238E-05 
2.500E-02 5.663E-05 
2.750E-02 6.071E-05 
3.000E-02 6.462E-05 
3.500E-02 7.204E-05 
4.000E-02 7.900E-05 
4.500E-02 8.556E-05 
5.000E-02 9.179E-05 
5.500E-02 9.772E-05 
6.000E-02 1.034E-04 
6.500E-02 1.089E-04 
7.000E-02 1.141E-04 
7.500E-02 1.192E-04 
8.000E-02 1.241E-04 
8.500E-02 1.289E-04 
9.000E-02 1.335E-04 
9.500E-02 1.381E-04 
1.000E-01 1.425E-04 
1.250E-01 1.630E-04 
1.500E-01 1.817E-04 
1.750E-01 1.989E-04 
2.000E-01 2.151E-04 
2.250E-01 2.304E-04 
2.500E-01 2.450E-04 
2.750E-01 2.590E-04 
3.000E-01 2.725E-04 
3.500E-01 2.983E-04 
4.000E-01 3.230E-04 
4.500E-01 3.467E-04 
5.000E-01 3.699E-04 
5.500E-01 3.926E-04 
6.000E-01 4.150E-04 
6.500E-01 4.372E-04 
7.000E-01 4.593E-04 
7.500E-01 4.813E-04 
8.000E-01 5.034E-04 
8.500E-01 5.256E-04 
9.000E-01 5.479E-04 
9.500E-01 5.704E-04 
1.000E+00 5.931E-04 
1.250E+00 7.107E-04 
1.500E+00 8.374E-04 
1.750E+00 9.744E-04 
2.000E+00 1.123E-03 
2.250E+00 1.282E-03 
2.500E+00 1.453E-03 
2.750E+00 1.635E-03 
3.000E+00 1.829E-03 
3.500E+00 2.249E-03 
4.000E+00 2.711E-03 
4.500E+00 3.215E-03 
5.000E+00 3.759E-03 
5.500E+00 4.344E-03 
6.000E+00 4.967E-03 
6.500E+00 5.630E-03 
7.000E+00 6.330E-03 
7.500E+00 7.067E-03 
8.000E+00 7.842E-03 
8.500E+00 8.653E-03 
9.000E+00 9.500E-03 
9.500E+00 1.038E-02 
1.000E+01 1.130E-02 
1.250E+01 1.641E-02 
1.500E+01 2.236E-02 
1.750E+01 2.913E-02 
2.000E+01 3.668E-02 
2.500E+01 5.411E-02 
2.750E+01 6.394E-02 
3.000E+01 7.452E-02 
3.500E+01 9.783E-02 
4.000E+01 1.240E-01 
4.500E+01 1.529E-01 
5.000E+01 1.845E-01 
5.500E+01 2.188E-01 
6.000E+01 2.557E-01 
6.500E+01 2.951E-01 
7.000E+01 3.372E-01 
7.500E+01 3.817E-01 
8.000E+01 4.287E-01 
8.500E+01 4.781E-01 
9.000E+01 5.300E-01 
9.500E+01 5.843E-01 
1.000E+02 6.409E-01 
1.250E+02 9.588E-01 
1.500E+02 1.333E+00 
1.750E+02 1.760E+00 
2.000E+02 2.240E+00 
2.250E+02 2.770E+00 
2.500E+02 3.348E+00 
2.750E+02 3.973E+00 
3.000E+02 4.644E+00 
3.500E+02 6.118E+00 
4.000E+02 7.760E+00 
4.500E+02 9.562E+00 
5.000E+02 1.152E+01 
5.500E+02 1.362E+01 
6.000E+02 1.586E+01 
6.500E+02 1.823E+01 
7.000E+02 2.073E+01 
7.500E+02 2.335E+01 
8.000E+02 2.609E+01 
8.500E+02 2.894E+01 
9.000E+02 3.190E+01 
9.500E+02 3.496E+01 
1.000E+03 3.812E+01 
