ASTAR: Stopping Powers and Range Tables for Alpha Particles

ALUMINUM                                                                

Kinetic   CSDA      
Energy    Range     
MeV       g/cm2     

1.000E-03 9.964E-06 
1.500E-03 1.358E-05 
2.000E-03 1.690E-05 
2.500E-03 1.999E-05 
3.000E-03 2.291E-05 
4.000E-03 2.832E-05 
5.000E-03 3.329E-05 
6.000E-03 3.790E-05 
7.000E-03 4.221E-05 
8.000E-03 4.628E-05 
9.000E-03 5.014E-05 
1.000E-02 5.381E-05 
1.250E-02 6.230E-05 
1.500E-02 7.001E-05 
1.750E-02 7.710E-05 
2.000E-02 8.369E-05 
2.250E-02 8.986E-05 
2.500E-02 9.567E-05 
2.750E-02 1.012E-04 
3.000E-02 1.064E-04 
3.500E-02 1.162E-04 
4.000E-02 1.253E-04 
4.500E-02 1.338E-04 
5.000E-02 1.418E-04 
5.500E-02 1.493E-04 
6.000E-02 1.565E-04 
6.500E-02 1.634E-04 
7.000E-02 1.701E-04 
7.500E-02 1.765E-04 
8.000E-02 1.827E-04 
8.500E-02 1.887E-04 
9.000E-02 1.946E-04 
9.500E-02 2.003E-04 
1.000E-01 2.059E-04 
1.250E-01 2.322E-04 
1.500E-01 2.567E-04 
1.750E-01 2.798E-04 
2.000E-01 3.021E-04 
2.250E-01 3.237E-04 
2.500E-01 3.447E-04 
2.750E-01 3.654E-04 
3.000E-01 3.857E-04 
3.500E-01 4.256E-04 
4.000E-01 4.648E-04 
4.500E-01 5.035E-04 
5.000E-01 5.421E-04 
5.500E-01 5.805E-04 
6.000E-01 6.189E-04 
6.500E-01 6.575E-04 
7.000E-01 6.962E-04 
7.500E-01 7.351E-04 
8.000E-01 7.743E-04 
8.500E-01 8.137E-04 
9.000E-01 8.536E-04 
9.500E-01 8.937E-04 
1.000E+00 9.343E-04 
1.250E+00 1.144E-03 
1.500E+00 1.365E-03 
1.750E+00 1.598E-03 
2.000E+00 1.845E-03 
2.250E+00 2.105E-03 
2.500E+00 2.378E-03 
2.750E+00 2.663E-03 
3.000E+00 2.961E-03 
3.500E+00 3.596E-03 
4.000E+00 4.283E-03 
4.500E+00 5.027E-03 
5.000E+00 5.825E-03 
5.500E+00 6.678E-03 
6.000E+00 7.585E-03 
6.500E+00 8.544E-03 
7.000E+00 9.554E-03 
7.500E+00 1.061E-02 
8.000E+00 1.173E-02 
8.500E+00 1.289E-02 
9.000E+00 1.410E-02 
9.500E+00 1.535E-02 
1.000E+01 1.666E-02 
1.250E+01 2.388E-02 
1.500E+01 3.224E-02 
1.750E+01 4.167E-02 
2.000E+01 5.216E-02 
2.500E+01 7.617E-02 
2.750E+01 8.966E-02 
3.000E+01 1.041E-01 
3.500E+01 1.358E-01 
4.000E+01 1.712E-01 
4.500E+01 2.102E-01 
5.000E+01 2.526E-01 
5.500E+01 2.985E-01 
6.000E+01 3.478E-01 
6.500E+01 4.003E-01 
7.000E+01 4.562E-01 
7.500E+01 5.153E-01 
8.000E+01 5.775E-01 
8.500E+01 6.429E-01 
9.000E+01 7.114E-01 
9.500E+01 7.829E-01 
1.000E+02 8.575E-01 
1.250E+02 1.275E+00 
1.500E+02 1.763E+00 
1.750E+02 2.320E+00 
2.000E+02 2.943E+00 
2.250E+02 3.629E+00 
2.500E+02 4.377E+00 
2.750E+02 5.184E+00 
3.000E+02 6.050E+00 
3.500E+02 7.947E+00 
4.000E+02 1.006E+01 
4.500E+02 1.237E+01 
5.000E+02 1.487E+01 
5.500E+02 1.756E+01 
6.000E+02 2.042E+01 
6.500E+02 2.345E+01 
7.000E+02 2.664E+01 
7.500E+02 2.998E+01 
8.000E+02 3.347E+01 
8.500E+02 3.710E+01 
9.000E+02 4.086E+01 
9.500E+02 4.476E+01 
1.000E+03 4.878E+01 
