ASTAR: Stopping Powers and Range Tables for Alpha Particles

POLYSTYRENE                                                             

Kinetic   CSDA      
Energy    Range     
MeV       g/cm2     

1.000E-03 2.976E-06 
1.500E-03 4.269E-06 
2.000E-03 5.525E-06 
2.500E-03 6.743E-06 
3.000E-03 7.927E-06 
4.000E-03 1.020E-05 
5.000E-03 1.237E-05 
6.000E-03 1.443E-05 
7.000E-03 1.641E-05 
8.000E-03 1.832E-05 
9.000E-03 2.015E-05 
1.000E-02 2.192E-05 
1.250E-02 2.609E-05 
1.500E-02 2.998E-05 
1.750E-02 3.363E-05 
2.000E-02 3.708E-05 
2.250E-02 4.036E-05 
2.500E-02 4.349E-05 
2.750E-02 4.649E-05 
3.000E-02 4.937E-05 
3.500E-02 5.484E-05 
4.000E-02 5.998E-05 
4.500E-02 6.483E-05 
5.000E-02 6.944E-05 
5.500E-02 7.385E-05 
6.000E-02 7.808E-05 
6.500E-02 8.216E-05 
7.000E-02 8.609E-05 
7.500E-02 8.989E-05 
8.000E-02 9.359E-05 
8.500E-02 9.718E-05 
9.000E-02 1.007E-04 
9.500E-02 1.041E-04 
1.000E-01 1.074E-04 
1.250E-01 1.230E-04 
1.500E-01 1.374E-04 
1.750E-01 1.508E-04 
2.000E-01 1.634E-04 
2.250E-01 1.755E-04 
2.500E-01 1.871E-04 
2.750E-01 1.983E-04 
3.000E-01 2.092E-04 
3.500E-01 2.304E-04 
4.000E-01 2.510E-04 
4.500E-01 2.712E-04 
5.000E-01 2.911E-04 
5.500E-01 3.109E-04 
6.000E-01 3.308E-04 
6.500E-01 3.507E-04 
7.000E-01 3.708E-04 
7.500E-01 3.912E-04 
8.000E-01 4.117E-04 
8.500E-01 4.326E-04 
9.000E-01 4.538E-04 
9.500E-01 4.753E-04 
1.000E+00 4.972E-04 
1.250E+00 6.126E-04 
1.500E+00 7.388E-04 
1.750E+00 8.763E-04 
2.000E+00 1.026E-03 
2.250E+00 1.187E-03 
2.500E+00 1.360E-03 
2.750E+00 1.545E-03 
3.000E+00 1.741E-03 
3.500E+00 2.166E-03 
4.000E+00 2.634E-03 
4.500E+00 3.144E-03 
5.000E+00 3.695E-03 
5.500E+00 4.286E-03 
6.000E+00 4.916E-03 
6.500E+00 5.586E-03 
7.000E+00 6.293E-03 
7.500E+00 7.038E-03 
8.000E+00 7.821E-03 
8.500E+00 8.640E-03 
9.000E+00 9.495E-03 
9.500E+00 1.039E-02 
1.000E+01 1.131E-02 
1.250E+01 1.648E-02 
1.500E+01 2.249E-02 
1.750E+01 2.933E-02 
2.000E+01 3.697E-02 
2.500E+01 5.461E-02 
2.750E+01 6.458E-02 
3.000E+01 7.530E-02 
3.500E+01 9.895E-02 
4.000E+01 1.255E-01 
4.500E+01 1.548E-01 
5.000E+01 1.869E-01 
5.500E+01 2.218E-01 
6.000E+01 2.593E-01 
6.500E+01 2.994E-01 
7.000E+01 3.421E-01 
7.500E+01 3.874E-01 
8.000E+01 4.352E-01 
8.500E+01 4.855E-01 
9.000E+01 5.383E-01 
9.500E+01 5.936E-01 
1.000E+02 6.512E-01 
1.250E+02 9.750E-01 
1.500E+02 1.356E+00 
1.750E+02 1.792E+00 
2.000E+02 2.281E+00 
2.250E+02 2.821E+00 
2.500E+02 3.411E+00 
2.750E+02 4.048E+00 
3.000E+02 4.733E+00 
3.500E+02 6.237E+00 
4.000E+02 7.913E+00 
4.500E+02 9.753E+00 
5.000E+02 1.175E+01 
5.500E+02 1.389E+01 
6.000E+02 1.618E+01 
6.500E+02 1.860E+01 
7.000E+02 2.116E+01 
7.500E+02 2.384E+01 
8.000E+02 2.663E+01 
8.500E+02 2.955E+01 
9.000E+02 3.257E+01 
9.500E+02 3.570E+01 
1.000E+03 3.893E+01 
