ESTAR: Stopping Powers and Range Tables for Electrons

PLASTIC SCINTILLATOR (VINYLTOLUENE BASED)                                                  

Kinetic   CSDA      
Energy    Range     
MeV       g/cm2     

1.000E-02 2.495E-04 
1.250E-02 3.704E-04 
1.500E-02 5.119E-04 
1.750E-02 6.732E-04 
2.000E-02 8.535E-04 
2.500E-02 1.269E-03 
3.000E-02 1.754E-03 
3.500E-02 2.304E-03 
4.000E-02 2.918E-03 
4.500E-02 3.592E-03 
5.000E-02 4.323E-03 
5.500E-02 5.109E-03 
6.000E-02 5.948E-03 
7.000E-02 7.777E-03 
8.000E-02 9.796E-03 
9.000E-02 1.199E-02 
1.000E-01 1.435E-02 
1.250E-01 2.091E-02 
1.500E-01 2.829E-02 
1.750E-01 3.639E-02 
2.000E-01 4.511E-02 
2.500E-01 6.409E-02 
3.000E-01 8.474E-02 
3.500E-01 1.067E-01 
4.000E-01 1.297E-01 
4.500E-01 1.535E-01 
5.000E-01 1.780E-01 
5.500E-01 2.031E-01 
6.000E-01 2.287E-01 
7.000E-01 2.809E-01 
8.000E-01 3.342E-01 
9.000E-01 3.883E-01 
1.000E+00 4.429E-01 
1.250E+00 5.808E-01 
1.500E+00 7.196E-01 
1.750E+00 8.585E-01 
2.000E+00 9.971E-01 
2.500E+00 1.273E+00 
3.000E+00 1.546E+00 
3.500E+00 1.815E+00 
4.000E+00 2.083E+00 
4.500E+00 2.347E+00 
5.000E+00 2.609E+00 
5.500E+00 2.868E+00 
6.000E+00 3.125E+00 
7.000E+00 3.632E+00 
8.000E+00 4.132E+00 
9.000E+00 4.623E+00 
1.000E+01 5.108E+00 
1.250E+01 6.291E+00 
1.500E+01 7.438E+00 
1.750E+01 8.553E+00 
2.000E+01 9.637E+00 
2.500E+01 1.173E+01 
3.000E+01 1.372E+01 
3.500E+01 1.562E+01 
4.000E+01 1.745E+01 
4.500E+01 1.920E+01 
5.000E+01 2.089E+01 
5.500E+01 2.251E+01 
6.000E+01 2.408E+01 
7.000E+01 2.707E+01 
8.000E+01 2.986E+01 
9.000E+01 3.250E+01 
1.000E+02 3.499E+01 
1.250E+02 4.066E+01 
1.500E+02 4.571E+01 
1.750E+02 5.024E+01 
2.000E+02 5.436E+01 
2.500E+02 6.161E+01 
3.000E+02 6.785E+01 
3.500E+02 7.332E+01 
4.000E+02 7.820E+01 
4.500E+02 8.260E+01 
5.000E+02 8.660E+01 
5.500E+02 9.027E+01 
6.000E+02 9.366E+01 
7.000E+02 9.975E+01 
8.000E+02 1.051E+02 
9.000E+02 1.099E+02 
1.000E+03 1.142E+02 
