ASTAR: Stopping Powers and Range Tables for Alpha Particles

PLASTIC SCINTILLATOR (vinyltoluene-based)                               

Kinetic   CSDA      
Energy    Range     
MeV       g/cm2     

1.000E-03 2.714E-06 
1.500E-03 3.866E-06 
2.000E-03 4.984E-06 
2.500E-03 6.070E-06 
3.000E-03 7.127E-06 
4.000E-03 9.165E-06 
5.000E-03 1.111E-05 
6.000E-03 1.298E-05 
7.000E-03 1.477E-05 
8.000E-03 1.650E-05 
9.000E-03 1.818E-05 
1.000E-02 1.980E-05 
1.250E-02 2.365E-05 
1.500E-02 2.726E-05 
1.750E-02 3.068E-05 
2.000E-02 3.392E-05 
2.250E-02 3.702E-05 
2.500E-02 3.999E-05 
2.750E-02 4.285E-05 
3.000E-02 4.560E-05 
3.500E-02 5.086E-05 
4.000E-02 5.583E-05 
4.500E-02 6.054E-05 
5.000E-02 6.504E-05 
5.500E-02 6.937E-05 
6.000E-02 7.352E-05 
6.500E-02 7.754E-05 
7.000E-02 8.143E-05 
7.500E-02 8.520E-05 
8.000E-02 8.887E-05 
8.500E-02 9.245E-05 
9.000E-02 9.594E-05 
9.500E-02 9.934E-05 
1.000E-01 1.027E-04 
1.250E-01 1.184E-04 
1.500E-01 1.329E-04 
1.750E-01 1.465E-04 
2.000E-01 1.595E-04 
2.250E-01 1.718E-04 
2.500E-01 1.837E-04 
2.750E-01 1.953E-04 
3.000E-01 2.066E-04 
3.500E-01 2.284E-04 
4.000E-01 2.496E-04 
4.500E-01 2.705E-04 
5.000E-01 2.910E-04 
5.500E-01 3.115E-04 
6.000E-01 3.319E-04 
6.500E-01 3.523E-04 
7.000E-01 3.729E-04 
7.500E-01 3.937E-04 
8.000E-01 4.146E-04 
8.500E-01 4.358E-04 
9.000E-01 4.572E-04 
9.500E-01 4.790E-04 
1.000E+00 5.010E-04 
1.250E+00 6.161E-04 
1.500E+00 7.402E-04 
1.750E+00 8.744E-04 
2.000E+00 1.019E-03 
2.250E+00 1.176E-03 
2.500E+00 1.344E-03 
2.750E+00 1.524E-03 
3.000E+00 1.715E-03 
3.500E+00 2.128E-03 
4.000E+00 2.585E-03 
4.500E+00 3.082E-03 
5.000E+00 3.620E-03 
5.500E+00 4.197E-03 
6.000E+00 4.813E-03 
6.500E+00 5.468E-03 
7.000E+00 6.159E-03 
7.500E+00 6.888E-03 
8.000E+00 7.653E-03 
8.500E+00 8.455E-03 
9.000E+00 9.292E-03 
9.500E+00 1.016E-02 
1.000E+01 1.107E-02 
1.250E+01 1.613E-02 
1.500E+01 2.202E-02 
1.750E+01 2.873E-02 
2.000E+01 3.623E-02 
2.500E+01 5.355E-02 
2.750E+01 6.333E-02 
3.000E+01 7.386E-02 
3.500E+01 9.709E-02 
4.000E+01 1.232E-01 
4.500E+01 1.520E-01 
5.000E+01 1.836E-01 
5.500E+01 2.178E-01 
6.000E+01 2.547E-01 
6.500E+01 2.941E-01 
7.000E+01 3.362E-01 
7.500E+01 3.807E-01 
8.000E+01 4.278E-01 
8.500E+01 4.773E-01 
9.000E+01 5.292E-01 
9.500E+01 5.836E-01 
1.000E+02 6.403E-01 
1.250E+02 9.590E-01 
1.500E+02 1.334E+00 
1.750E+02 1.763E+00 
2.000E+02 2.245E+00 
2.250E+02 2.777E+00 
2.500E+02 3.358E+00 
2.750E+02 3.986E+00 
3.000E+02 4.661E+00 
3.500E+02 6.143E+00 
4.000E+02 7.795E+00 
4.500E+02 9.609E+00 
5.000E+02 1.158E+01 
5.500E+02 1.369E+01 
6.000E+02 1.595E+01 
6.500E+02 1.834E+01 
7.000E+02 2.085E+01 
7.500E+02 2.349E+01 
8.000E+02 2.625E+01 
8.500E+02 2.912E+01 
9.000E+02 3.210E+01 
9.500E+02 3.519E+01 
1.000E+03 3.838E+01 
