14655046357183 0 77843624440821 0 6 7 2205 0
77424623920122 1 79931647830824 1 8 46 4819 3
73624621720924 1 77660628160123 1 9 9 2865 42
69817567010343 0 93871809679328 1 4 4 416 0
14655046357183 0 74216679210227 0 6 9 735 0
73100681300229 0 77766624360226 0 3 5 109 0
75917608310421 1 77744622640522 1 25 66 54177 7
14655046357183 0 66749544140143 0 4 6 142 0
14655046357189 0 72283627580624 0 30 155 2872 0
19840076447330 1 79700648300226 1 3 3 399 0
14655046357183 0 69752599150947 0 4 6 423 0
14655046357189 0 77863625860029 1 13 63 923 0
14655046357189 0 79153601150024 0 30 173 1957 0
13353073357733 1 64879587470042 0 15 23 3965 46
14655046357183 0 15644075747134 0 3 4 156 0
72582670880923 0 79898602190829 0 10 3 167 62
14655046357183 0 62839525430849 0 8 9 509 0
66020510520413 0 66820515120216 0 11 15 2525 41
14655046357183 0 62446542640744 0 12 14 473 0
