ESTAR: Stopping Powers and Range Tables for Electrons

POLYSTYRENE                                                                 

Kinetic   CSDA      
Energy    Range     
MeV       g/cm2     

1.000E-02 2.546E-04 
1.250E-02 3.777E-04 
1.500E-02 5.218E-04 
1.750E-02 6.859E-04 
2.000E-02 8.694E-04 
2.500E-02 1.292E-03 
3.000E-02 1.785E-03 
3.500E-02 2.345E-03 
4.000E-02 2.968E-03 
4.500E-02 3.653E-03 
5.000E-02 4.395E-03 
5.500E-02 5.194E-03 
6.000E-02 6.047E-03 
7.000E-02 7.905E-03 
8.000E-02 9.955E-03 
9.000E-02 1.218E-02 
1.000E-01 1.458E-02 
1.250E-01 2.124E-02 
1.500E-01 2.873E-02 
1.750E-01 3.695E-02 
2.000E-01 4.579E-02 
2.500E-01 6.504E-02 
3.000E-01 8.598E-02 
3.500E-01 1.082E-01 
4.000E-01 1.315E-01 
4.500E-01 1.557E-01 
5.000E-01 1.805E-01 
5.500E-01 2.059E-01 
6.000E-01 2.318E-01 
7.000E-01 2.846E-01 
8.000E-01 3.385E-01 
9.000E-01 3.932E-01 
1.000E+00 4.484E-01 
1.250E+00 5.878E-01 
1.500E+00 7.281E-01 
1.750E+00 8.684E-01 
2.000E+00 1.008E+00 
2.500E+00 1.287E+00 
3.000E+00 1.562E+00 
3.500E+00 1.835E+00 
4.000E+00 2.104E+00 
4.500E+00 2.371E+00 
5.000E+00 2.635E+00 
5.500E+00 2.897E+00 
6.000E+00 3.156E+00 
7.000E+00 3.667E+00 
8.000E+00 4.171E+00 
9.000E+00 4.666E+00 
1.000E+01 5.155E+00 
1.250E+01 6.347E+00 
1.500E+01 7.502E+00 
1.750E+01 8.625E+00 
2.000E+01 9.717E+00 
2.500E+01 1.182E+01 
3.000E+01 1.382E+01 
3.500E+01 1.574E+01 
4.000E+01 1.757E+01 
4.500E+01 1.933E+01 
5.000E+01 2.103E+01 
5.500E+01 2.266E+01 
6.000E+01 2.424E+01 
7.000E+01 2.723E+01 
8.000E+01 3.004E+01 
9.000E+01 3.268E+01 
1.000E+02 3.518E+01 
1.250E+02 4.087E+01 
1.500E+02 4.592E+01 
1.750E+02 5.046E+01 
2.000E+02 5.458E+01 
2.500E+02 6.184E+01 
3.000E+02 6.808E+01 
3.500E+02 7.355E+01 
4.000E+02 7.842E+01 
4.500E+02 8.282E+01 
5.000E+02 8.681E+01 
5.500E+02 9.048E+01 
6.000E+02 9.387E+01 
7.000E+02 9.996E+01 
8.000E+02 1.053E+02 
9.000E+02 1.101E+02 
1.000E+03 1.144E+02 
